98	-1	99
60	1	1
98	-1	99
60	1	98
-1	99	60
1	1	98
-1	99	60
1	1	98
-1	99	60
1	1	98
-1	99	60
1	98	-1
99	60	1
1	98	-1
99	60	1
98	-1	99
59	1	1
98	-1	99
60	1	1
98	-1	99
60	1	98
-1	99	60
1	98	-1
99	60	1
1	98	-1
99	60	1
1	98	-1
99	60	1
98	-1	99
59	1	1
98	-1	99
60	1	1
98	-1	99
60	1	1
98	-1	99
60	1	1
98	-1	99
60	1	1
98	-1	99
60	1	98
-1	99	60
1	98	-1
99	59	1
1	98	-1
99	60	1
1	98	-1
99	59	1
98	-1	99
60	1	1
98	-1	99
60	1	98
-1	99	60
1	1	98
-1	99	60
1	1	98
-1	99	60
1	1	98
-1	99	60
1	1	98
-2	99	60
1	1	98
-1	99	60
1	1	98
-1	99	60
1	1	98
-1	99	60
1	98	-1
99	60	1
1	98	-1
99	60	1
1	98	-1
99	60	1
1	98	-1
99	60	1
1	98	-1
99	60	1
1	98	-1
99	60	1
1	98	-1
99	59	1
1	98	-1
99	60	1
1	98	-1
99	60	1
1	98	-1
99	60	1
1	98	-1
99	60	1
1	98	-1
99	60	1
1	98	-1
99	60	1
1	98	-1
99	60	1
1	98	-1
99	60	1
1	98	-1
99	60	1
1	98	-1
99	60	1
98	-1	99
60	1	1
98	-1	99
60	1	1
98	-1	99
60	1	1
98	-1	99
59	1	1
98	-1	99
60	1	1
98	-1	99
60	1	1
98	-1	99
60	1	98
-1	99	60
1	1	98
-1	99	60
1	1	98
-1	99	60
1	98	-1
99	60	1
1	98	-1
99	60	1
1	98	-1
99	60	1
1	98	-1
99	60	1
1	98	-1
99	60	1
98	-1	99
60	1	1
98	-1	99
60	1	98
-1	99	60
1	1	98
-1	99	59
1	1	98
-1	99	60
1	1	98
-1	99	60
1	98	-2
99	60	1
98	-1	99
60	1	98
-1	99	60
1	98	-1
99	60	1
98	-1	99
60	1	1
98	-1	99
60	1	98
-1	99	60
1	98	-2
99	60	1
98	-1	99
60	1	1
98	-1	99
60	1	98
-1	99	59
1	98	-1
99	60	1
1	98	-1
99	60	1
98	-1	99
60	1	98
-2	99	60
1	98	-1
99	60	1
